4294967294,437
4294967278,280
67,5
67,4
67,3
67,2
67,1
4294967279,573
4294967279,572
66,6
66,5
66,4
66,3
66,2
66,1
4294967279,571
65,5
65,4
65,3
65,2
65,1
64,5
64,4
64,3
64,2
64,1
63,5
63,4
63,3
63,2
63,1
62,4
62,3
62,2
62,1
4294967279,570
4294967278,383
4294967279,569
4294967294,205
4294967279,568
61,5
61,4
61,3
61,2
61,1
4294967279,567
60,6
60,5
60,4
60,3
60,2
60,1
59,5
59,4
59,3
59,2
59,1
58,5
58,4
58,3
58,2
58,1
57,5
4294967279,566
57,4
57,3
57,2
57,1
4294967279,565
4294967279,564
4294967278,382
4294967279,563
56,4
56,3
56,2
56,1
4294967278,381
4294967279,562
4294967279,561
4294967279,560
4294967279,559
4294967279,558
55,5
55,4
55,3
55,2
55,1
54,6
54,5
54,4
54,3
54,2
54,1
4294967278,380
4294967278,379
53,5
53,4
53,3
53,2
53,1
4294967278,378
4294967279,557
52,5
52,4
52,3
52,2
52,1
4294967278,377
4294967278,376
51,5
51,4
51,3
51,2
51,1
50,4
50,3
50,2
50,1
4294967278,375
4294967279,556
4294967278,374
4294967279,555
4294967278,373
4294967279,554
4294967294,472
4294967278,372
4294967279,553
49,5
49,4
49,3
49,2
49,1
4294967294,1418
4294967294,1417
4294967294,471
4294967278,371
48,6
4294967278,370
48,5
48,4
48,3
48,2
48,1
4294967294,1416
4294967279,552
4294967278,369
47,5
47,4
47,3
47,2
47,1
4294967279,551
4294967278,368
46,5
46,4
46,3
46,2
46,1
4294967279,550
45,5
45,4
45,3
45,2
45,1
44,4
44,3
44,2
44,1
4294967279,549
4294967278,367
4294967293,131
4294967293,130
4294967293,129
4294967293,128
4294967293,127
4294967293,126
4294967293,125
4294967293,124
4294967293,123
4294967293,122
4294967293,121
4294967293,120
4294967293,119
4294967293,118
4294967293,117
4294967293,116
4294967293,115
4294967293,114
4294967293,113
4294967293,112
4294967293,111
4294967293,110
4294967293,109
4294967293,108
4294967293,107
4294967293,106
4294967293,105
4294967293,104
4294967293,103
4294967293,102
4294967293,101
4294967293,100
4294967293,99
4294967293,98
4294967293,97
4294967293,96
4294967293,95
4294967293,94
4294967293,93
4294967293,92
4294967293,91
4294967293,90
4294967293,89
4294967293,88
4294967293,87
4294967293,86
4294967293,85
4294967293,84
4294967293,83
4294967293,82
4294967293,81
4294967293,80
4294967293,79
4294967293,78
4294967293,77
4294967293,76
4294967293,75
4294967293,74
4294967293,73
4294967293,72
4294967293,71
4294967293,70
4294967293,69
4294967293,68
4294967293,67
4294967293,66
4294967293,65
4294967293,64
4294967293,63
4294967293,62
4294967293,61
4294967293,60
4294967293,59
4294967293,58
4294967293,57
4294967293,56
4294967293,55
4294967293,54
4294967293,53
4294967293,52
4294967293,51
4294967293,50
4294967293,49
4294967293,48
4294967293,47
4294967293,46
4294967293,45
4294967293,44
4294967293,43
4294967293,42
4294967293,41
4294967293,40
4294967293,39
4294967293,38
4294967293,37
4294967293,36
4294967293,35
4294967293,34
4294967293,33
4294967293,32
4294967293,31
4294967293,30
4294967293,29
4294967293,28
4294967293,27
4294967293,26
4294967293,25
4294967293,24
4294967293,23
4294967293,22
4294967293,21
4294967293,20
4294967293,19
4294967293,18
4294967293,17
4294967293,16
4294967293,15
4294967293,14
4294967293,13
4294967293,12
4294967293,11
4294967293,10
4294967293,9
4294967293,8
4294967293,7
4294967293,6
4294967293,5
4294967293,4
4294967293,3
4294967293,2
4243767290,0
4243767289,0
4243767288,0
4243767287,0
4243767286,0
4243767285,0
4243767284,0
4243767283,0
4243767282,0
4243767281,0
4294967293,0
4294967279,189
4294967279,190
4294967279,74
4294967279,75
4294967279,76
4294967279,77
4294967279,191
4294967279,306
4294967279,192
4294967279,307
4294967279,78
4294967279,193
4294967279,79
4294967279,194
4294967279,523
4294967279,80
4294967279,308
4294967279,81
4294967279,195
4294967279,524
4294967279,196
4294967279,525
4294967279,82
4294967279,197
4294967279,83
4294967279,198
4294967279,199
4294967279,84
4294967279,200
4294967279,85
4294967279,86
4294967279,534
4294967279,87
4294967279,309
4294967279,526
4294967279,201
